0.253038061694857097
0.095983960688355158
0.054512373488044961
0.033798543802861659
0.024677067432763440
0.019163123946360782
0.017762257018430296
0.014566463544133880
0.012573911057693527
0.011281546898753535
0.010466175232926067
0.009601691964325918
0.009013704627041888
0.008366383276873512
0.008002225429477356
0.007005488874661834
0.006964580378855385
0.006451263951452705
0.006243491975052126
0.005809339809838954
0.005703276449941837
0.006051498789853615
0.005080622697758647
0.005006386574785754
0.004931021393107305
0.004721455272874541
0.004604500746498803
0.004231263123966648
0.004624846064569705
0.004347602422273846
0.004208937130279769
0.003815355788190872
0.003683412873774210
0.003757953562057072
0.004317271992839707
0.003446458236956366
0.003290057981843656
0.003121782565000530
0.003370002610530489
0.003133757998840507
0.003270325669046050
0.003284548699850784
0.002954184110706290
0.002965844084833174
0.002806730854348217
0.002997359095550471
0.002777919418936610
0.002894450119094712
0.002659609818763935
0.002756649497079015
0.002682233168875342
0.002644986185813799
0.002647545839853791
0.002509608614773708
0.002550425252693924
0.002387620760250279
0.002520706427391528
0.002381751458265698
0.002357222843583237
0.002456684178949492
0.002393988428265233
0.002120788135557031
0.002123606919277726
0.002253480334286114
0.002188598511036425
0.002117056810057652
0.002140296534073446
0.002196713287602656
0.002108763734561534
0.002046408621110135
0.001984089393936841
0.001976552419050664
0.002144476950151037
0.001854274749642582
0.001874346718301299
0.001975214757738168
0.001879889868641325
0.001868932715581349
0.001912202529530442
0.001820316467886964
0.001843264834005185
0.001744710233850427
0.001870064282119262
0.001727631536338760
0.001779365353560831
