0.000990000000000000
0.000980100000000000
0.000970299000000000
0.000960596010000000
0.000950990049900000
0.000941480149401000
0.000932065347906990
0.000922744694427920
0.000913517247483641
0.000904382075008804
0.000895338254258716
0.000886384871716129
0.000877521022998968
0.000868745812768978
0.000860058354641288
0.000851457771094875
0.000842943193383927
0.000834513761450087
0.000826168623835586
0.000817906937597231
0.000809727868221258
0.000801630589539046
0.000793614283643655
0.000785678140807219
0.000777821359399147
0.000770043145805155
0.000762342714347103
0.000754719287203632
0.000747172094331596
0.000739700373388280
0.000732303369654397
0.000724980335957853
0.000717730532598275
0.000710553227272292
0.000703447694999569
0.000696413218049573
0.000689449085869078
0.000682554595010387
0.000675729049060283
0.000668971758569680
0.000662282040983983
0.000655659220574143
0.000649102628368402
0.000642611602084718
0.000636185486063871
0.000629823631203232
0.000623525394891200
0.000617290140942288
0.000611117239532865
0.000605006067137536
0.000598956006466161
0.000592966446401499
0.000587036781937484
0.000581166414118110
0.000575354749976928
0.000569601202477159
0.000563905190452388
0.000558266138547864
0.000552683477162385
0.000547156642390761
0.000541685075966854
0.000536268225207185
0.000530905542955113
0.000525596487525562
0.000520340522650306
0.000515137117423803
0.000509985746249565
0.000504885888787070
0.000499837029899199
0.000494838659600207
0.000489890273004205
0.000484991370274163
0.000480141456571421
0.000475340042005707
0.000470586641585650
0.000465880775169793
0.000461221967418095
0.000456609747743914
0.000452043650266475
0.000447523213763811
0.000443047981626173
0.000438617501809911
0.000434231326791812
0.000429889013523894
0.000425590123388655
